1	13 
2	69 
3	74 
4	21 
5	42 
6	13 
7	11 
8	14 
9	28 
10	14 
11	91 
12	47 
13	76 
14	66 
15	20 
16	44 
17	32 
18	23 
19	4 
20	1 
21	69 
22	14 
23	76 
24	23 
25	3 
26	23 
27	75 
28	18 
29	5 
30	60 
31	58 
32	39 
33	75 
34	75 
35	53 
36	32 
37	36 
38	91 
39	43 
40	26 
41	56 
42	15 
43	18 
44	74 
45	22 
46	6 
47	73 
48	76 
49	37 
50	18 
51	14 
52	58 
53	25 
54	28 
55	69 
56	31 
57	76 
58	88 
59	74 
60	2 
61	3 
62	96 
63	46 
64	43 
65	93 
66	92 
67	13 
68	19 
69	49 
70	95 
71	85 
72	6 
73	13 
74	16 
75	65 
76	19 
77	65 
78	94 
79	21 
80	6 
81	12 
82	2 
83	91 
84	21 
85	74 
86	18 
87	52 
88	88 
89	44 
90	21 
91	34 
92	6 
93	18 
94	3 
95	85 
96	4 
97	6 
98	6 
99	82 
100	58 
101	32 
102	81 
103	75 
104	29 
105	14 
106	48 
107	2 
108	52 
109	55 
110	76 
111	53 
112	43 
113	5 
114	43 
115	6 
116	28 
117	91 
118	91 
119	73 
120	26 
121	17 
122	3 
123	40 
124	86 
125	87 
126	69 
127	86 
128	56 
129	91 
130	96 
131	89 
132	23 
133	16 
134	82 
135	48 
136	47 
137	17 
138	35 
139	17 
140	16 
141	24 
142	46 
143	88 
144	46 
145	39 
146	43 
147	7 
148	30 
149	42 
150	28 
151	69 
152	53 
153	9 
154	1 
155	88 
156	42 
157	10 
158	6 
159	58 
160	85 
161	96 
162	18 
163	15 
164	14 
165	93 
166	7 
167	74 
168	2 
169	91 
170	27 
171	1 
172	1 
173	1 
174	77 
175	85 
176	3 
177	72 
178	63 
179	1 
180	59 
181	30 
182	3 
183	66 
184	1 
185	63 
186	24 
187	76 
188	12 
189	85 
190	51 
191	61 
192	16 
193	16 
194	3 
195	53 
196	53 
197	3 
198	3 
199	13 
200	31 
201	5 
202	63 
203	16 
204	47 
205	72 
206	71 
207	22 
208	21 
209	21 
210	61 
211	79 
212	3 
213	16 
214	69 
215	88 
216	3 
217	58 
218	25 
219	21 
220	56 
221	72 
222	21 
223	18 
224	78 
225	1 
226	69 
227	23 
228	3 
229	43 
230	76 
231	46 
232	58 
233	17 
234	1 
235	1 
236	42 
237	55 
238	25 
239	21 
240	74 
241	34 
242	91 
243	39 
244	71 
245	76 
246	89 
247	60 
248	23 
249	56 
250	56 
251	85 
252	73 
253	18 
254	88 
255	1 
256	74 
257	5 
258	56 
259	88 
260	61 
261	83 
262	14 
263	17 
264	16 
265	57 
266	42 
267	21 
268	96 
269	42 
270	43 
271	1 
272	56 
273	14 
274	75 
275	24 
276	49 
277	70 
278	3 
279	42 
280	24 
281	21 
282	14 
283	74 
284	72 
285	1 
286	65 
287	6 
288	21 
289	3 
290	21 
291	18 
292	24 
293	94 
294	88 
295	75 
296	23 
297	51 
298	68 
299	16 
300	53 
301	37 
302	8 
303	58 
304	69 
305	3 
306	59 
307	80 
308	78 
309	69 
310	95 
311	11 
312	69 
313	73 
314	30 
315	18 
316	49 
317	45 
318	5 
319	33 
320	52 
321	91 
322	73 
323	22 
324	44 
325	24 
326	82 
327	24 
328	6 
329	88 
330	53 
331	46 
332	39 
333	48 
334	6 
335	88 
336	13 
337	42 
338	53 
339	56 
340	54 
341	76 
342	19 
343	75 
344	69 
345	87 
346	10 
347	25 
348	26 
349	32 
350	93 
351	24 
352	38 
353	14 
354	21 
355	38 
356	84 
357	8 
358	85 
359	80 
360	46 
361	24 
362	49 
363	93 
364	3 
365	14 
366	39 
367	49 
368	1 
369	14 
370	5 
371	63 
372	30 
373	22 
374	37 
375	56 
376	70 
377	24 
378	90 
379	69 
380	9 
381	42 
382	71 
383	58 
384	86 
385	18 
386	47 
387	19 
388	56 
389	64 
390	6 
391	5 
392	16 
393	46 
394	8 
395	6 
396	4 
397	57 
398	6 
399	74 
400	73 
401	74 
402	21 
403	2 
404	18 
405	55 
406	57 
407	1 
408	14 
409	80 
410	39 
411	58 
412	3 
413	37 
414	80 
415	10 
416	53 
417	6 
418	43 
419	30 
420	85 
421	8 
422	23 
423	72 
424	12 
425	75 
426	63 
427	23 
428	21 
429	13 
430	3 
431	60 
432	79 
433	74 
434	53 
435	28 
436	63 
437	39 
438	69 
439	69 
440	12 
441	9 
442	21 
443	42 
444	43 
445	91 
446	42 
447	70 
448	3 
449	83 
450	56 
451	74 
452	63 
453	17 
454	56 
455	3 
456	75 
457	58 
458	8 
459	16 
460	1 
461	53 
462	37 
463	6 
464	8 
465	19 
466	17 
467	61 
468	14 
469	45 
470	14 
471	73 
472	56 
473	21 
474	69 
475	3 
476	18 
477	72 
478	69 
479	24 
480	59 
481	85 
482	88 
483	21 
484	84 
485	6 
486	14 
487	14 
488	30 
489	25 
490	74 
491	21 
492	14 
493	30 
494	14 
495	48 
496	50 
497	58 
498	61 
499	23 
500	27 
501	20 
502	22 
503	75 
504	14 
505	17 
506	71 
507	76 
508	5 
509	72 
510	96 
511	89 
512	14 
513	91 
514	88 
515	21 
516	43 
517	36 
518	27 
519	63 
520	22 
521	4 
522	75 
523	30 
524	15 
525	55 
526	42 
527	69 
528	3 
529	69 
530	47 
531	48 
532	37 
533	1 
534	46 
535	36 
536	1 
537	3 
538	95 
539	17 
540	17 
541	14 
542	6 
543	77 
544	81 
545	75 
546	19 
547	46 
548	3 
549	74 
550	69 
551	87 
552	95 
553	30 
554	13 
555	38 
556	73 
557	89 
558	63 
559	21 
560	42 
561	76 
562	74 
563	13 
564	14 
565	55 
566	48 
567	89 
568	6 
569	91 
570	4 
571	62 
572	32 
573	70 
574	24 
575	33 
576	30 
577	46 
578	17 
579	88 
580	65 
581	53 
582	49 
583	83 
584	14 
585	88 
586	39 
587	5 
588	75 
589	3 
590	88 
591	70 
592	92 
593	4 
594	23 
595	7 
596	19 
597	1 
598	7 
599	14 
600	93 
601	39 
602	85 
603	3 
604	69 
605	43 
606	21 
607	92 
608	88 
609	13 
610	18 
611	22 
612	29 
613	3 
614	37 
615	85 
616	43 
617	89 
618	10 
619	13 
620	88 
621	88 
622	3 
623	65 
624	66 
625	72 
626	50 
627	31 
628	78 
629	43 
630	91 
631	13 
632	4 
633	56 
634	23 
635	5 
636	55 
637	74 
638	12 
639	18 
640	81 
641	7 
642	23 
643	72 
644	19 
645	83 
646	21 
647	77 
648	58 
649	92 
650	6 
651	46 
652	42 
653	56 
654	3 
655	88 
656	39 
657	43 
658	82 
659	50 
660	39 
661	78 
662	23 
663	54 
664	6 
665	58 
666	21 
667	43 
668	3 
669	3 
670	75 
671	48 
672	54 
673	61 
674	1 
675	23 
676	91 
677	5 
678	85 
679	74 
680	55 
681	69 
682	82 
683	13 
684	88 
685	69 
686	14 
687	58 
688	69 
689	6 
690	1 
691	53 
692	74 
693	21 
694	7 
695	56 
696	16 
697	3 
698	1 
699	21 
700	21 
701	90 
702	88 
703	72 
704	76 
705	6 
706	19 
707	94 
708	6 
709	12 
710	33 
711	42 
712	45 
713	6 
714	48 
715	74 
716	88 
717	12 
718	63 
719	91 
720	46 
721	42 
722	43 
723	58 
724	42 
725	9 
726	23 
727	12 
728	27 
729	44 
730	74 
731	6 
732	82 
733	23 
734	91 
735	3 
736	73 
737	1 
738	64 
739	88 
740	1 
741	88 
742	58 
743	48 
744	74 
745	41 
746	56 
747	32 
748	14 
749	53 
750	86 
751	9 
752	43 
753	67 
754	4 
755	30 
756	23 
757	56 
758	21 
759	27 
760	21 
761	7 
762	15 
763	3 
764	94 
765	46 
766	23 
767	37 
768	73 
769	37 
770	23 
771	60 
772	20 
773	58 
774	27 
775	84 
776	54 
777	19 
778	73 
779	3 
780	24 
781	13 
782	37 
783	55 
784	61 
785	63 
786	72 
787	43 
788	23 
789	58 
790	37 
791	13 
792	48 
793	75 
794	14 
795	55 
796	19 
797	3 
798	42 
799	30 
800	43 
801	40 
802	56 
803	38 
804	23 
805	30 
806	26 
807	6 
808	89 
809	69 
810	42 
811	3 
812	5 
813	72 
814	46 
815	81 
816	53 
817	37 
818	22 
819	17 
820	13 
821	91 
822	11 
823	40 
824	33 
825	56 
826	1 
827	77 
828	41 
829	88 
830	22 
831	17 
832	94 
833	54 
834	3 
835	55 
836	85 
837	84 
838	56 
839	79 
840	7 
841	51 
842	92 
843	87 
844	1 
845	21 
846	36 
847	16 
848	58 
849	74 
850	18 
851	23 
852	74 
853	39 
854	42 
855	14 
856	3 
857	58 
858	66 
859	72 
860	85 
861	91 
862	28 
863	43 
864	78 
865	85 
866	85 
867	3 
868	69 
869	70 
870	67 
871	1 
872	26 
873	76 
874	65 
875	11 
876	91 
877	23 
878	3 
879	18 
880	74 
881	70 
882	88 
883	88 
884	90 
885	89 
886	42 
887	79 
888	30 
889	69 
890	70 
891	56 
892	39 
893	24 
894	14 
895	66 
896	56 
897	13 
898	12 
899	53 
900	61 
901	75 
902	12 
903	21 
904	43 
905	42 
906	83 
907	21 
908	14 
909	88 
910	58 
911	27 
912	1 
913	18 
914	66 
915	88 
916	30 
917	43 
918	46 
919	1 
920	39 
921	42 
922	91 
923	56 
924	19 
925	19 
926	85 
927	53 
928	71 
929	37 
930	50 
931	42 
932	76 
933	37 
934	54 
935	12 
936	74 
937	56 
938	23 
939	88 
940	19 
941	41 
942	39 
943	22 
944	27 
945	30 
946	14 
947	21 
948	55 
949	28 
950	56 
951	88 
952	16 
953	10 
954	18 
955	47 
956	14 
957	53 
958	88 
959	21 
960	95 
961	74 
962	37 
963	24 
964	73 
965	42 
966	80 
967	19 
968	22 
969	49 
970	79 
971	32 
972	24 
973	78 
974	84 
975	94 
976	48 
977	3 
978	88 
979	56 
980	69 
981	2 
982	5 
983	50 
984	58 
985	24 
986	21 
987	12 
988	3 
989	49 
990	46 
991	88 
992	19 
993	18 
994	5 
995	84 
996	71 
997	21 
998	22 
999	63 
1000	14 
1001	73 
1002	56 
1003	35 
1004	24 
1005	8 
1006	23 
1007	75 
1008	76 
1009	56 
1010	32 
1011	67 
1012	34 
1013	91 
1014	39 
1015	42 
1016	72 
1017	10 
1018	95 
1019	48 
1020	42 
1021	61 
1022	88 
1023	46 
1024	51 
1025	69 
1026	76 
1027	91 
1028	74 
1029	91 
1030	65 
1031	93 
1032	46 
1033	49 
1034	49 
1035	3 
1036	22 
1037	24 
1038	69 
1039	19 
1040	68 
1041	65 
1042	30 
1043	18 
1044	59 
1045	21 
1046	72 
1047	6 
1048	16 
1049	46 
1050	21 
1051	14 
1052	6 
1053	9 
1054	14 
1055	69 
1056	5 
1057	23 
1058	38 
1059	21 
1060	85 
1061	13 
1062	1 
1063	33 
1064	83 
1065	78 
1066	21 
1067	6 
1068	23 
1069	55 
1070	17 
1071	88 
1072	56 
1073	44 
1074	5 
1075	74 
1076	96 
1077	69 
1078	14 
1079	1 
1080	58 
1081	22 
1082	18 
1083	16 
1084	1 
1085	63 
1086	88 
1087	76 
1088	21 
1089	21 
1090	74 
1091	7 
1092	17 
1093	48 
1094	26 
1095	55 
1096	14 
1097	48 
1098	1 
1099	7 
1100	1 
1101	71 
1102	53 
1103	45 
1104	58 
1105	63 
1106	13 
1107	43 
1108	63 
1109	1 
1110	1 
1111	43 
1112	19 
1113	44 
1114	74 
1115	69 
1116	91 
1117	78 
1118	43 
1119	30 
1120	69 
1121	71 
1122	37 
1123	63 
1124	3 
1125	42 
1126	27 
1127	43 
1128	72 
1129	74 
1130	1 
1131	5 
1132	72 
1133	46 
1134	80 
1135	86 
1136	56 
1137	91 
1138	91 
1139	72 
1140	45 
1141	74 
1142	31 
1143	89 
1144	58 
1145	5 
1146	85 
1147	21 
1148	56 
1149	21 
1150	36 
1151	79 
1152	57 
1153	14 
1154	10 
1155	28 
1156	14 
1157	43 
1158	12 
1159	96 
1160	25 
1161	76 
1162	76 
1163	50 
1164	4 
1165	43 
1166	43 
1167	39 
1168	17 
1169	6 
1170	53 
1171	28 
1172	68 
1173	3 
1174	21 
1175	21 
1176	88 
1177	30 
1178	24 
1179	88 
1180	53 
1181	73 
1182	78 
1183	21 
1184	69 
1185	58 
1186	56 
1187	76 
1188	85 
1189	34 
1190	22 
1191	39 
1192	70 
1193	91 
1194	13 
1195	1 
1196	73 
1197	32 
1198	43 
1199	31 
1200	63 
1201	46 
1202	83 
1203	79 
1204	25 
1205	55 
1206	94 
1207	5 
1208	41 
1209	3 
1210	42 
1211	7 
1212	7 
1213	28 
1214	14 
1215	21 
1216	4 
1217	57 
1218	91 
1219	17 
1220	88 
1221	34 
1222	43 
1223	10 
1224	76 
1225	49 
1226	3 
1227	63 
1228	14 
1229	39 
1230	9 
1231	73 
1232	11 
1233	15 
1234	73 
1235	88 
1236	24 
1237	51 
1238	69 
1239	64 
1240	27 
1241	17 
1242	43 
1243	95 
1244	26 
1245	13 
1246	43 
1247	18 
1248	56 
1249	49 
1250	76 
1251	38 
1252	14 
1253	88 
1254	18 
1255	56 
1256	69 
1257	3 
1258	46 
1259	91 
1260	5 
1261	35 
1262	14 
1263	38 
1264	42 
1265	42 
1266	96 
1267	42 
1268	24 
1269	58 
1270	10 
1271	34 
1272	86 
1273	76 
1274	63 
1275	1 
1276	18 
1277	23 
1278	58 
1279	60 
1280	67 
1281	18 
1282	12 
1283	65 
1284	6 
1285	23 
1286	43 
1287	23 
1288	53 
1289	56 
1290	69 
1291	46 
1292	1 
1293	84 
1294	24 
1295	69 
1296	58 
1297	85 
1298	83 
1299	59 
1300	51 
1301	69 
1302	5 
1303	85 
1304	51 
1305	73 
1306	4 
1307	71 
1308	42 
1309	21 
1310	77 
1311	88 
1312	6 
1313	42 
1314	46 
1315	21 
1316	87 
1317	23 
1318	46 
1319	24 
1320	40 
1321	75 
1322	21 
1323	5 
1324	23 
1325	78 
1326	89 
1327	74 
1328	17 
1329	92 
1330	46 
1331	81 
1332	69 
1333	24 
1334	52 
1335	76 
1336	23 
1337	42 
1338	73 
1339	21 
1340	18 
1341	32 
1342	43 
1343	43 
1344	27 
1345	6 
1346	21 
1347	37 
1348	5 
1349	22 
1350	24 
1351	63 
1352	23 
1353	56 
1354	79 
1355	88 
1356	20 
1357	52 
1358	42 
1359	14 
1360	3 
1361	56 
1362	33 
1363	85 
1364	14 
1365	46 
1366	1 
1367	60 
1368	7 
1369	37 
1370	72 
1371	53 
1372	39 
1373	21 
1374	46 
1375	3 
1376	69 
1377	4 
1378	53 
1379	48 
1380	91 
1381	5 
1382	69 
1383	42 
1384	61 
1385	19 
1386	78 
1387	3 
1388	26 
1389	19 
1390	82 
1391	67 
1392	42 
1393	43 
1394	39 
1395	61 
1396	17 
1397	34 
1398	72 
1399	87 
1400	19 
1401	74 
1402	21 
1403	74 
1404	91 
1405	4 
1406	88 
1407	56 
1408	67 
1409	42 
1410	67 
1411	69 
1412	1 
1413	70 
1414	24 
1415	19 
1416	34 
1417	30 
1418	41 
1419	56 
1420	37 
1421	67 
1422	89 
1423	54 
1424	12 
1425	1 
1426	3 
1427	8 
1428	39 
1429	63 
1430	79 
1431	19 
1432	43 
1433	1 
1434	30 
1435	24 
1436	3 
1437	14 
1438	15 
1439	24 
1440	3 
1441	3 
1442	85 
1443	43 
1444	3 
1445	37 
1446	14 
1447	4 
1448	70 
1449	93 
1450	23 
1451	23 
1452	43 
1453	46 
1454	24 
1455	17 
1456	58 
1457	88 
1458	74 
1459	88 
1460	17 
1461	63 
1462	42 
1463	18 
1464	1 
1465	85 
1466	13 
1467	44 
1468	69 
1469	8 
1470	6 
1471	42 
1472	74 
1473	15 
1474	63 
1475	58 
1476	1 
1477	5 
1478	55 
1479	65 
1480	58 
1481	14 
1482	88 
1483	92 
1484	1 
1485	41 
1486	6 
1487	23 
1488	73 
1489	1 
1490	38 
1491	35 
1492	78 
1493	63 
1494	90 
1495	66 
1496	76 
1497	21 
1498	43 
1499	94 
1500	76 
1501	65 
1502	58 
1503	42 
1504	51 
1505	30 
1506	52 
1507	18 
1508	37 
1509	3 
1510	70 
1511	64 
1512	21 
1513	69 
1514	13 
1515	88 
1516	46 
1517	63 
1518	19 
1519	40 
1520	91 
1521	63 
1522	1 
1523	56 
1524	62 
1525	28 
1526	85 
1527	73 
1528	55 
1529	43 
1530	6 
1531	39 
1532	39 
1533	32 
1534	20 
1535	16 
1536	58 
1537	32 
1538	76 
1539	96 
1540	31 
1541	13 
1542	7 
1543	69 
1544	13 
1545	72 
1546	88 
1547	76 
1548	45 
1549	69 
1550	46 
1551	65 
1552	13 
1553	37 
1554	23 
1555	53 
1556	46 
1557	88 
1558	22 
1559	56 
1560	58 
1561	10 
1562	21 
1563	6 
1564	69 
1565	58 
1566	75 
1567	74 
1568	37 
1569	56 
1570	43 
1571	3 
1572	58 
1573	3 
1574	14 
1575	88 
1576	76 
1577	88 
1578	13 
1579	16 
1580	72 
1581	3 
1582	19 
1583	6 
1584	55 
1585	12 
1586	53 
1587	17 
1588	43 
1589	18 
1590	72 
1591	50 
1592	53 
1593	94 
1594	46 
1595	23 
1596	73 
1597	91 
1598	7 
1599	79 
1600	58 
1601	14 
1602	42 
1603	85 
1604	13 
1605	91 
1606	46 
1607	62 
1608	57 
1609	56 
1610	50 
1611	74 
1612	18 
1613	49 
1614	91 
1615	36 
1616	70 
1617	18 
1618	88 
1619	63 
1620	5 
1621	32 
1622	38 
1623	23 
1624	13 
1625	45 
1626	9 
1627	58 
1628	24 
1629	49 
1630	50 
1631	23 
1632	70 
1633	27 
1634	84 
1635	15 
1636	39 
1637	31 
1638	21 
1639	43 
1640	92 
1641	30 
1642	46 
1643	1 
1644	14 
1645	5 
1646	71 
1647	2 
1648	37 
1649	79 
1650	6 
1651	14 
1652	63 
1653	14 
1654	57 
1655	85 
1656	33 
1657	69 
1658	43 
1659	12 
1660	66 
1661	37 
1662	41 
1663	91 
1664	85 
1665	88 
1666	21 
1667	69 
1668	46 
1669	85 
1670	20 
1671	21 
1672	23 
1673	43 
1674	6 
1675	86 
1676	69 
1677	75 
1678	1 
1679	24 
1680	46 
1681	32 
1682	91 
1683	69 
1684	19 
1685	85 
1686	76 
1687	76 
1688	42 
1689	74 
1690	70 
1691	74 
1692	56 
1693	77 
1694	74 
1695	3 
1696	27 
1697	60 
1698	58 
1699	59 
1700	3 
1701	24 
1702	1 
1703	43 
1704	49 
1705	69 
1706	42 
1707	23 
1708	1 
1709	14 
1710	53 
1711	15 
1712	58 
1713	5 
1714	20 
1715	11 
1716	66 
1717	6 
1718	5 
1719	88 
1720	48 
1721	27 
1722	92 
1723	13 
1724	5 
1725	24 
1726	75 
1727	7 
1728	17 
1729	62 
1730	58 
1731	35 
1732	22 
1733	80 
1734	39 
1735	56 
1736	90 
1737	74 
1738	12 
1739	15 
1740	88 
1741	42 
1742	22 
1743	88 
1744	69 
1745	69 
1746	14 
1747	46 
1748	56 
1749	3 
1750	88 
1751	78 
1752	39 
1753	2 
1754	64 
1755	69 
1756	5 
1757	70 
1758	56 
1759	14 
1760	88 
1761	78 
1762	1 
1763	73 
1764	33 
1765	47 
1766	39 
1767	46 
1768	81 
1769	23 
1770	36 
1771	18 
1772	56 
1773	61 
1774	22 
1775	14 
1776	17 
1777	18 
1778	65 
1779	53 
1780	6 
1781	52 
1782	75 
1783	90 
1784	74 
1785	73 
1786	11 
1787	54 
1788	24 
1789	61 
1790	5 
1791	73 
1792	39 
1793	13 
1794	38 
1795	85 
1796	86 
1797	3 
1798	49 
1799	38 
1800	74 
1801	6 
1802	56 
1803	46 
1804	56 
1805	43 
1806	91 
1807	76 
1808	38 
1809	46 
1810	56 
1811	75 
1812	88 
1813	49 
1814	30 
1815	6 
1816	6 
1817	24 
1818	56 
1819	39 
1820	6 
1821	46 
1822	28 
1823	21 
1824	49 
1825	85 
1826	73 
1827	1 
1828	14 
1829	5 
1830	66 
1831	7 
1832	23 
1833	91 
1834	28 
1835	49 
1836	23 
1837	71 
1838	6 
1839	49 
1840	39 
1841	14 
1842	28 
1843	30 
1844	86 
1845	91 
1846	63 
1847	22 
1848	46 
1849	69 
1850	53 
1851	43 
1852	73 
1853	53 
1854	91 
1855	88 
1856	12 
1857	13 
1858	76 
1859	48 
1860	3 
1861	42 
1862	63 
1863	30 
1864	14 
1865	23 
1866	66 
1867	4 
1868	15 
1869	43 
1870	20 
1871	45 
1872	23 
1873	24 
1874	91 
1875	45 
1876	10 
1877	91 
1878	69 
1879	4 
1880	88 
1881	89 
1882	75 
1883	88 
1884	90 
1885	56 
1886	21 
1887	39 
1888	61 
1889	18 
1890	43 
1891	39 
1892	88 
1893	9 
1894	5 
1895	4 
1896	46 
1897	1 
1898	39 
1899	45 
1900	12 
1901	91 
1902	1 
1903	53 
1904	35 
1905	72 
1906	43 
1907	23 
1908	68 
1909	23 
1910	46 
1911	21 
1912	42 
1913	74 
1914	88 
1915	30 
1916	13 
1917	14 
1918	24 
1919	42 
1920	74 
1921	55 
1922	56 
1923	14 
1924	5 
1925	88 
1926	39 
1927	13 
1928	16 
1929	69 
1930	42 
1931	62 
1932	65 
1933	26 
1934	5 
1935	28 
1936	17 
1937	53 
1938	46 
1939	6 
1940	88 
1941	14 
1942	30 
1943	3 
1944	88 
1945	5 
1946	3 
1947	12 
1948	75 
1949	84 
1950	55 
1951	70 
1952	42 
1953	23 
1954	3 
1955	10 
1956	85 
1957	68 
1958	24 
1959	8 
1960	69 
1961	6 
1962	37 
1963	29 
1964	18 
1965	21 
1966	42 
1967	85 
1968	14 
1969	24 
1970	73 
1971	68 
1972	88 
1973	68 
1974	16 
1975	76 
1976	46 
1977	61 
1978	6 
1979	52 
1980	59 
1981	8 
1982	74 
1983	22 
1984	87 
1985	56 
1986	30 
1987	29 
1988	14 
1989	69 
1990	72 
1991	31 
1992	94 
1993	46 
1994	23 
1995	10 
1996	18 
1997	56 
1998	76 
1999	56 
2000	28 
2001	46 
2002	76 
2003	62 
2004	27 
2005	56 
2006	26 
2007	1 
2008	62 
2009	85 
2010	16 
2011	88 
2012	14 
2013	29 
2014	33 
2015	45 
2016	45 
2017	3 
2018	73 
2019	70 
2020	63 
2021	88 
2022	53 
2023	5 
2024	40 
2025	21 
2026	94 
2027	3 
2028	88 
2029	89 
2030	42 
2031	19 
2032	53 
2033	3 
2034	16 
2035	29 
2036	56 
2037	74 
2038	75 
2039	43 
2040	14 
2041	88 
2042	17 
2043	85 
2044	18 
2045	88 
2046	18 
2047	92 
2048	43 
2049	42 
2050	85 
2051	13 
2052	74 
2053	43 
2054	65 
2055	41 
2056	58 
2057	78 
2058	56 
2059	53 
2060	84 
2061	4 
2062	39 
2063	51 
2064	24 
2065	92 
2066	69 
2067	21 
2068	70 
2069	37 
2070	75 
2071	50 
2072	76 
2073	73 
2074	40 
2075	39 
2076	76 
2077	43 
2078	21 
2079	5 
2080	30 
2081	84 
2082	12 
2083	72 
2084	69 
2085	76 
2086	24 
2087	1 
2088	37 
2089	91 
2090	49 
2091	10 
2092	19 
2093	2 
2094	14 
2095	70 
2096	18 
2097	14 
2098	49 
2099	91 
2100	37 
2101	54 
2102	5 
2103	63 
2104	91 
2105	76 
2106	3 
2107	3 
2108	24 
2109	90 
2110	73 
2111	42 
2112	5 
2113	38 
2114	9 
2115	43 
2116	18 
2117	88 
2118	26 
2119	21 
2120	7 
2121	43 
2122	42 
2123	62 
2124	56 
2125	21 
2126	14 
2127	6 
2128	10 
2129	30 
2130	21 
2131	61 
2132	92 
2133	5 
2134	94 
2135	53 
2136	48 
2137	78 
2138	56 
2139	7 
2140	46 
2141	55 
2142	88 
2143	74 
2144	42 
2145	85 
2146	3 
2147	7 
2148	88 
2149	22 
2150	3 
2151	11 
2152	91 
2153	17 
2154	88 
2155	39 
2156	50 
2157	35 
2158	24 
2159	40 
2160	46 
2161	21 
2162	68 
2163	21 
2164	22 
2165	6 
2166	56 
2167	3 
2168	46 
2169	53 
2170	20 
2171	28 
2172	69 
2173	46 
2174	18 
2175	45 
2176	79 
2177	6 
2178	3 
2179	71 
2180	14 
2181	88 
2182	19 
2183	39 
2184	1 
2185	27 
2186	13 
2187	74 
2188	43 
2189	5 
2190	43 
2191	12 
2192	42 
2193	5 
2194	86 
2195	39 
2196	61 
2197	46 
2198	58 
2199	56 
2200	24 
2201	96 
2202	7 
2203	69 
2204	54 
2205	31 
2206	46 
2207	7 
2208	37 
2209	15 
2210	89 
2211	53 
2212	23 
2213	87 
2214	39 
2215	76 
2216	45 
2217	17 
2218	58 
2219	63 
2220	7 
2221	61 
2222	21 
2223	55 
2224	22 
2225	10 
2226	84 
2227	23 
2228	21 
2229	27 
2230	46 
2231	91 
2232	12 
2233	18 
2234	33 
2235	6 
2236	77 
2237	21 
2238	68 
2239	91 
2240	76 
2241	7 
2242	30 
2243	27 
2244	21 
2245	24 
2246	23 
2247	92 
2248	17 
2249	39 
2250	89 
2251	89 
2252	82 
2253	91 
2254	87 
2255	56 
2256	16 
2257	14 
2258	1 
2259	42 
2260	70 
2261	69 
2262	5 
2263	23 
2264	42 
2265	26 
2266	53 
2267	83 
2268	42 
2269	88 
2270	29 
2271	85 
2272	5 
2273	76 
2274	14 
2275	18 
2276	85 
2277	61 
2278	3 
2279	3 
2280	85 
2281	18 
2282	76 
2283	18 
2284	74 
2285	73 
2286	5 
2287	74 
2288	21 
2289	58 
2290	1 
2291	73 
2292	63 
2293	82 
2294	22 
2295	78 
2296	42 
2297	53 
2298	74 
2299	28 
2300	21 
2301	28 
2302	56 
2303	23 
2304	3 
2305	13 
2306	64 
2307	30 
2308	11 
2309	92 
2310	85 
2311	94 
2312	14 
2313	5 
2314	4 
2315	64 
2316	56 
2317	75 
2318	58 
2319	55 
2320	74 
2321	23 
2322	56 
2323	66 
2324	26 
2325	63 
2326	28 
2327	31 
2328	7 
2329	61 
2330	39 
2331	58 
2332	32 
2333	42 
2334	28 
2335	55 
2336	14 
2337	28 
2338	17 
2339	41 
2340	56 
2341	23 
2342	17 
2343	3 
2344	18 
2345	49 
2346	23 
2347	14 
2348	58 
2349	77 
2350	53 
2351	88 
2352	16 
2353	1 
2354	75 
2355	40 
2356	43 
2357	49 
2358	1 
2359	41 
2360	14 
2361	56 
2362	17 
2363	74 
2364	75 
2365	41 
2366	39 
2367	14 
2368	30 
2369	42 
2370	57 
2371	91 
2372	63 
2373	77 
2374	30 
2375	86 
2376	7 
2377	3 
2378	30 
2379	69 
2380	6 
2381	91 
2382	73 
2383	21 
2384	27 
2385	43 
2386	54 
2387	12 
2388	56 
2389	5 
2390	16 
2391	74 
2392	59 
2393	6 
2394	23 
2395	74 
2396	55 
2397	63 
2398	89 
2399	65 
2400	72 
2401	1 
2402	1 
2403	29 
2404	12 
2405	43 
2406	23 
2407	46 
2408	26 
2409	14 
2410	1 
2411	49 
2412	21 
2413	46 
2414	81 
2415	14 
2416	91 
2417	21 
2418	23 
2419	88 
2420	7 
2421	74 
2422	3 
2423	69 
2424	35 
2425	63 
2426	21 
2427	64 
2428	41 
2429	7 
2430	35 
2431	77 
2432	6 
2433	37 
2434	48 
2435	92 
2436	3 
2437	92 
2438	75 
2439	61 
2440	7 
2441	76 
2442	56 
2443	31 
2444	12 
2445	64 
2446	30 
2447	54 
2448	30 
2449	39 
2450	63 
2451	16 
2452	69 
2453	11 
2454	31 
2455	63 
2456	76 
2457	66 
2458	39 
2459	7 
2460	30 
2461	74 
2462	22 
2463	14 
2464	53 
2465	58 
2466	73 
2467	69 
2468	3 
2469	43 
2470	86 
2471	56 
2472	14 
2473	1 
2474	91 
2475	56 
2476	96 
2477	13 
2478	1 
2479	23 
2480	18 
2481	71 
2482	74 
2483	39 
2484	75 
2485	43 
2486	70 
2487	90 
2488	88 
2489	88 
2490	6 
2491	19 
2492	1 
2493	21 
2494	54 
2495	3 
2496	21 
2497	18 
2498	21 
2499	32 
2500	13 
2501	1 
2502	39 
2503	69 
2504	71 
2505	22 
2506	17 
2507	91 
2508	49 
2509	63 
2510	78 
2511	3 
2512	29 
2513	9 
2514	14 
2515	35 
2516	37 
2517	69 
2518	23 
2519	42 
2520	8 
2521	37 
2522	6 
2523	56 
2524	69 
2525	88 
2526	16 
2527	16 
2528	30 
2529	81 
2530	24 
2531	21 
2532	12 
2533	21 
2534	65 
2535	23 
2536	38 
2537	14 
2538	4 
2539	58 
2540	43 
2541	88 
2542	69 
2543	30 
2544	92 
2545	65 
2546	21 
2547	17 
2548	1 
2549	88 
2550	23 
2551	25 
2552	23 
2553	76 
2554	79 
2555	55 
2556	65 
2557	14 
2558	45 
2559	3 
2560	46 
2561	51 
2562	76 
2563	46 
2564	72 
2565	16 
2566	92 
2567	49 
2568	63 
2569	46 
2570	39 
2571	46 
2572	75 
2573	59 
2574	3 
2575	69 
2576	37 
2577	22 
2578	88 
2579	96 
2580	65 
2581	29 
2582	73 
2583	42 
2584	21 
2585	7 
2586	1 
2587	71 
2588	54 
2589	8 
2590	32 
2591	46 
2592	39 
2593	72 
2594	71 
2595	16 
2596	88 
2597	12 
2598	77 
2599	77 
2600	12 
2601	4 
2602	43 
2603	76 
2604	51 
2605	14 
2606	43 
2607	59 
2608	53 
2609	71 
2610	85 
2611	25 
2612	49 
2613	69 
2614	74 
2615	12 
2616	65 
2617	63 
2618	52 
2619	31 
2620	85 
2621	12 
2622	56 
2623	17 
2624	39 
2625	43 
2626	58 
2627	74 
2628	30 
2629	90 
2630	14 
2631	22 
2632	14 
2633	1 
2634	69 
2635	5 
2636	2 
2637	50 
2638	17 
2639	17 
2640	9 
2641	14 
2642	58 
2643	69 
2644	14 
2645	43 
2646	56 
2647	32 
2648	10 
2649	92 
2650	91 
2651	3 
2652	23 
2653	37 
2654	71 
2655	6 
2656	88 
2657	7 
2658	75 
2659	69 
2660	52 
2661	18 
2662	72 
2663	61 
2664	2 
2665	69 
2666	56 
2667	74 
2668	86 
2669	23 
2670	11 
2671	1 
2672	43 
2673	56 
2674	13 
2675	43 
2676	24 
2677	37 
2678	88 
2679	9 
2680	28 
2681	48 
2682	19 
2683	39 
2684	28 
2685	54 
2686	88 
2687	84 
2688	82 
2689	59 
2690	15 
2691	73 
2692	66 
2693	96 
2694	58 
2695	1 
2696	42 
2697	13 
2698	5 
2699	14 
2700	69 
2701	74 
2702	18 
2703	14 
2704	74 
2705	69 
2706	46 
2707	69 
2708	31 
2709	13 
2710	56 
2711	16 
2712	58 
2713	1 
2714	88 
2715	27 
2716	42 
2717	85 
2718	91 
2719	63 
2720	22 
2721	61 
2722	4 
2723	71 
2724	78 
2725	58 
2726	70 
2727	23 
2728	52 
2729	14 
2730	48 
2731	63 
2732	74 
2733	21 
2734	85 
2735	61 
2736	1 
2737	62 
2738	48 
2739	14 
2740	85 
2741	39 
2742	18 
2743	87 
2744	14 
2745	3 
2746	49 
2747	31 
2748	17 
2749	14 
2750	74 
2751	19 
2752	21 
2753	56 
2754	64 
2755	75 
2756	77 
2757	39 
2758	3 
2759	37 
2760	85 
2761	24 
2762	73 
2763	43 
2764	81 
2765	17 
2766	23 
2767	57 
2768	72 
2769	92 
2770	63 
2771	6 
2772	35 
2773	22 
2774	94 
2775	74 
2776	53 
2777	96 
2778	43 
2779	74 
2780	68 
2781	19 
2782	28 
2783	39 
2784	13 
2785	18 
2786	88 
2787	91 
2788	45 
2789	1 
2790	39 
2791	64 
2792	21 
2793	23 
2794	24 
2795	56 
2796	33 
2797	10 
2798	76 
2799	96 
2800	21 
2801	25 
2802	26 
2803	56 
2804	75 
2805	76 
2806	5 
2807	19 
2808	29 
2809	91 
2810	42 
2811	91 
2812	24 
2813	61 
2814	1 
2815	58 
2816	13 
2817	68 
2818	73 
2819	53 
2820	28 
2821	22 
2822	5 
2823	15 
2824	5 
2825	31 
2826	62 
2827	3 
2828	30 
2829	3 
2830	21 
2831	17 
2832	38 
2833	61 
2834	19 
2835	6 
2836	56 
2837	85 
2838	61 
2839	21 
2840	82 
2841	3 
2842	55 
2843	46 
2844	46 
2845	21 
2846	73 
2847	76 
2848	72 
2849	74 
2850	25 
2851	10 
2852	14 
2853	1 
2854	1 
2855	24 
2856	58 
2857	88 
2858	88 
2859	86 
2860	42 
2861	3 
2862	24 
2863	77 
2864	74 
2865	32 
2866	42 
2867	12 
2868	24 
2869	57 
2870	6 
2871	21 
2872	37 
2873	90 
2874	62 
2875	10 
2876	27 
2877	76 
2878	88 
2879	58 
2880	6 
2881	16 
2882	23 
2883	14 
2884	55 
2885	76 
2886	28 
2887	92 
2888	3 
2889	71 
2890	41 
2891	21 
2892	91 
2893	42 
2894	3 
2895	24 
2896	91 
2897	64 
2898	21 
2899	6 
2900	43 
2901	39 
2902	14 
2903	84 
2904	43 
2905	43 
2906	42 
2907	42 
2908	54 
2909	30 
2910	96 
2911	17 
2912	78 
2913	78 
2914	85 
2915	69 
2916	86 
2917	3 
2918	74 
2919	76 
2920	89 
2921	43 
2922	3 
2923	71 
2924	43 
2925	54 
2926	37 
2927	53 
2928	91 
2929	17 
2930	65 
2931	88 
2932	3 
2933	74 
2934	1 
2935	88 
2936	74 
2937	53 
2938	56 
2939	22 
2940	76 
2941	4 
2942	24 
2943	39 
2944	76 
2945	3 
2946	76 
2947	91 
2948	72 
2949	42 
2950	78 
2951	94 
2952	33 
2953	21 
2954	1 
2955	18 
2956	88 
2957	5 
2958	89 
2959	66 
2960	17 
2961	84 
2962	21 
2963	22 
2964	54 
2965	75 
2966	27 
2967	73 
2968	73 
2969	17 
2970	23 
2971	91 
2972	75 
2973	31 
2974	46 
2975	53 
2976	75 
2977	43 
2978	28 
2979	76 
2980	46 
2981	14 
2982	32 
2983	10 
2984	18 
2985	79 
2986	18 
2987	65 
2988	17 
2989	56 
2990	11 
2991	15 
2992	86 
2993	6 
2994	73 
2995	14 
2996	76 
2997	56 
2998	88 
2999	45 
3000	14 
3001	32 
3002	56 
3003	76 
3004	23 
3005	53 
3006	43 
3007	2 
3008	83 
3009	7 
3010	8 
3011	76 
3012	1 
3013	8 
3014	24 
3015	22 
3016	85 
3017	63 
3018	30 
3019	39 
3020	8 
3021	58 
3022	64 
3023	92 
3024	23 
3025	78 
3026	3 
3027	24 
3028	7 
3029	13 
3030	38 
3031	57 
3032	16 
3033	53 
3034	6 
3035	88 
3036	91 
3037	53 
3038	14 
3039	69 
3040	46 
3041	88 
3042	28 
3043	14 
3044	32 
3045	35 
3046	75 
3047	85 
3048	55 
3049	23 
3050	56 
3051	13 
3052	21 
3053	90 
3054	46 
3055	12 
3056	35 
3057	51 
3058	3 
3059	55 
3060	57 
3061	96 
3062	1 
3063	84 
3064	70 
3065	69 
3066	56 
3067	37 
3068	72 
3069	72 
3070	72 
3071	74 
3072	74 
3073	17 
3074	23 
3075	21 
3076	69 
3077	15 
3078	28 
3079	3 
3080	91 
3081	49 
3082	73 
3083	88 
3084	96 
3085	46 
3086	61 
3087	58 
3088	3 
3089	74 
3090	63 
3091	70 
3092	4 
3093	73 
3094	32 
3095	30 
3096	81 
3097	76 
3098	43 
3099	21 
3100	74 
3101	37 
3102	3 
3103	56 
3104	30 
3105	41 
3106	18 
3107	89 
3108	73 
3109	43 
3110	58 
3111	76 
3112	75 
3113	46 
3114	70 
3115	53 
3116	41 
3117	75 
3118	56 
3119	76 
3120	91 
3121	63 
3122	6 
3123	24 
3124	39 
3125	53 
3126	5 
3127	75 
3128	30 
3129	88 
3130	41 
3131	1 
3132	75 
3133	39 
3134	94 
3135	88 
3136	14 
3137	46 
3138	12 
3139	5 
3140	23 
3141	76 
3142	10 
3143	1 
3144	15 
3145	7 
3146	62 
3147	91 
3148	70 
3149	38 
3150	43 
3151	17 
3152	18 
3153	24 
3154	4 
3155	43 
3156	39 
3157	69 
3158	26 
3159	7 
3160	64 
3161	1 
3162	91 
3163	42 
3164	12 
3165	56 
3166	41 
3167	63 
3168	28 
3169	18 
3170	14 
3171	46 
3172	85 
3173	30 
3174	88 
3175	69 
3176	81 
3177	63 
3178	30 
3179	85 
3180	49 
3181	43 
3182	24 
3183	37 
3184	18 
3185	5 
3186	72 
3187	74 
3188	21 
3189	69 
3190	17 
3191	66 
3192	56 
3193	26 
3194	75 
3195	56 
3196	17 
3197	24 
3198	74 
3199	55 
3200	32 
3201	92 
3202	22 
3203	69 
3204	56 
3205	56 
3206	1 
3207	3 
3208	87 
3209	42 
3210	46 
3211	90 
3212	63 
3213	66 
3214	14 
3215	3 
3216	88 
3217	42 
3218	81 
3219	10 
3220	6 
3221	53 
3222	37 
3223	73 
3224	30 
3225	18 
3226	24 
3227	39 
3228	66 
3229	35 
3230	56 
3231	53 
3232	69 
3233	63 
3234	35 
3235	63 
3236	48 
3237	53 
3238	23 
3239	73 
3240	25 
3241	17 
3242	43 
3243	1 
3244	74 
3245	23 
3246	85 
3247	58 
3248	72 
3249	31 
3250	6 
3251	6 
3252	23 
3253	74 
3254	16 
3255	78 
3256	19 
3257	74 
3258	23 
3259	69 
3260	10 
3261	48 
3262	46 
3263	23 
3264	69 
3265	72 
3266	42 
3267	19 
3268	85 
3269	87 
3270	49 
3271	56 
3272	65 
3273	30 
3274	9 
3275	85 
3276	69 
3277	61 
3278	14 
3279	87 
3280	55 
3281	70 
3282	3 
3283	8 
3284	75 
3285	25 
3286	23 
3287	70 
3288	54 
3289	6 
3290	83 
3291	91 
3292	1 
3293	74 
3294	48 
3295	89 
3296	69 
3297	56 
3298	46 
3299	63 
3300	3 
3301	1 
3302	10 
3303	49 
3304	43 
3305	17 
3306	42 
3307	18 
3308	1 
3309	21 
3310	17 
3311	74 
3312	87 
3313	19 
3314	78 
3315	77 
3316	76 
3317	14 
3318	69 
3319	51 
3320	85 
3321	18 
3322	43 
3323	3 
3324	49 
3325	61 
3326	43 
3327	13 
3328	58 
3329	3 
3330	69 
3331	32 
3332	32 
3333	24 
3334	19 
3335	91 
3336	51 
3337	21 
3338	69 
3339	7 
3340	18 
3341	4 
3342	4 
3343	24 
3344	71 
3345	88 
3346	10 
3347	18 
3348	85 
3349	13 
3350	73 
3351	72 
3352	53 
3353	74 
3354	88 
3355	64 
3356	96 
3357	42 
3358	46 
3359	41 
3360	74 
3361	24 
3362	88 
3363	28 
3364	56 
3365	10 
3366	74 
3367	7 
3368	9 
3369	14 
3370	54 
3371	74 
3372	88 
3373	89 
3374	91 
3375	91 
3376	17 
3377	6 
3378	23 
3379	53 
3380	14 
3381	30 
3382	63 
3383	63 
3384	46 
3385	75 
3386	74 
3387	43 
3388	70 
3389	30 
3390	32 
3391	37 
3392	85 
3393	24 
3394	83 
3395	74 
3396	32 
3397	88 
3398	90 
3399	22 
3400	54 
3401	74 
3402	7 
3403	66 
3404	3 
3405	53 
3406	74 
3407	39 
3408	86 
3409	4 
3410	7 
3411	87 
3412	23 
3413	28 
3414	43 
3415	65 
3416	21 
3417	49 
3418	16 
3419	69 
3420	53 
3421	89 
3422	69 
3423	85 
3424	19 
3425	9 
3426	32 
3427	43 
3428	1 
3429	16 
3430	74 
3431	35 
3432	16 
3433	56 
3434	63 
3435	76 
3436	74 
3437	37 
3438	46 
3439	74 
3440	75 
3441	92 
3442	72 
3443	21 
3444	5 
3445	18 
3446	22 
3447	69 
3448	27 
3449	32 
3450	53 
3451	18 
3452	72 
3453	26 
3454	28 
3455	24 
3456	91 
3457	77 
3458	76 
3459	90 
3460	35 
3461	27 
3462	14 
3463	54 
3464	46 
3465	15 
3466	45 
3467	69 
3468	55 
3469	75 
3470	3 
3471	43 
3472	1 
3473	88 
3474	49 
3475	21 
3476	17 
3477	23 
3478	79 
3479	77 
3480	53 
3481	83 
3482	42 
3483	76 
3484	24 
3485	18 
3486	24 
3487	3 
3488	63 
3489	35 
3490	31 
3491	81 
3492	17 
3493	13 
3494	85 
3495	1 
3496	88 
3497	55 
3498	56 
3499	37 
3500	21 
3501	39 
3502	6 
3503	18 
3504	7 
3505	65 
3506	5 
3507	1 
3508	5 
3509	19 
3510	3 
3511	9 
3512	32 
3513	92 
3514	79 
3515	46 
3516	81 
3517	48 
3518	88 
3519	14 
3520	39 
3521	14 
3522	30 
3523	5 
3524	43 
3525	46 
3526	1 
3527	43 
3528	37 
3529	63 
3530	48 
3531	23 
3532	21 
3533	70 
3534	46 
3535	63 
3536	6 
3537	31 
3538	71 
3539	89 
3540	78 
3541	14 
3542	38 
3543	91 
3544	30 
3545	3 
3546	18 
3547	15 
3548	46 
3549	6 
3550	43 
3551	21 
3552	79 
3553	6 
3554	23 
3555	21 
3556	23 
3557	75 
3558	21 
3559	56 
3560	17 
3561	63 
3562	61 
3563	28 
3564	88 
3565	28 
3566	61 
3567	75 
3568	76 
3569	6 
3570	19 
3571	17 
3572	75 
3573	69 
3574	1 
3575	16 
3576	37 
3577	14 
3578	39 
3579	18 
3580	48 
3581	19 
3582	88 
3583	49 
3584	83 
3585	58 
3586	42 
3587	91 
3588	42 
3589	81 
3590	3 
3591	17 
3592	24 
3593	1 
3594	35 
3595	63 
3596	24 
3597	24 
3598	14 
3599	56 
3600	39 
3601	3 
3602	88 
3603	66 
3604	6 
3605	4 
3606	92 
3607	37 
3608	26 
3609	53 
3610	96 
3611	21 
3612	73 
3613	13 
3614	71 
3615	84 
3616	3 
3617	74 
3618	18 
3619	6 
3620	49 
3621	49 
3622	1 
3623	83 
3624	66 
3625	31 
3626	88 
3627	21 
3628	30 
3629	18 
3630	12 
3631	88 
3632	56 
3633	6 
3634	39 
3635	85 
3636	15 
3637	22 
3638	39 
3639	91 
3640	14 
3641	14 
3642	1 
3643	53 
3644	14 
3645	22 
3646	46 
3647	46 
3648	76 
3649	42 
3650	83 
3651	88 
3652	1 
3653	27 
3654	3 
3655	91 
3656	1 
3657	17 
3658	69 
3659	94 
3660	56 
3661	22 
3662	74 
3663	65 
3664	3 
3665	53 
3666	84 
3667	43 
3668	14 
3669	6 
3670	37 
3671	65 
3672	74 
3673	74 
3674	61 
3675	18 
3676	43 
3677	74 
3678	69 
3679	88 
3680	92 
3681	13 
3682	53 
3683	15 
3684	91 
3685	38 
3686	3 
3687	6 
3688	5 
3689	74 
3690	7 
3691	53 
3692	7 
3693	39 
3694	37 
3695	32 
3696	46 
3697	7 
3698	21 
3699	69 
3700	69 
3701	76 
3702	61 
3703	14 
3704	69 
3705	15 
3706	3 
3707	58 
3708	76 
3709	48 
3710	74 
3711	21 
3712	88 
3713	18 
3714	49 
3715	3 
3716	39 
3717	22 
3718	56 
3719	3 
3720	14 
3721	56 
3722	5 
3723	79 
3724	53 
3725	1 
3726	85 
3727	58 
3728	5 
3729	24 
3730	23 
3731	53 
3732	76 
3733	46 
3734	23 
3735	78 
3736	46 
3737	63 
3738	21 
3739	53 
3740	91 
3741	24 
3742	41 
3743	23 
3744	85 
3745	74 
3746	72 
3747	88 
3748	66 
3749	17 
3750	73 
3751	15 
3752	10 
3753	71 
3754	14 
3755	43 
3756	18 
3757	73 
3758	16 
3759	6 
3760	1 
3761	14 
3762	13 
3763	43 
3764	74 
3765	46 
3766	16 
3767	18 
3768	5 
3769	91 
3770	56 
3771	56 
3772	43 
3773	17 
3774	31 
3775	69 
3776	89 
3777	6 
3778	46 
3779	72 
3780	23 
3781	94 
3782	3 
3783	43 
3784	24 
3785	43 
3786	14 
3787	53 
3788	22 
3789	58 
3790	32 
3791	1 
3792	85 
3793	83 
3794	46 
3795	91 
3796	74 
3797	13 
3798	38 
3799	48 
3800	73 
3801	18 
3802	5 
3803	85 
3804	3 
3805	3 
3806	21 
3807	71 
3808	84 
3809	85 
3810	56 
3811	43 
3812	3 
3813	69 
3814	39 
3815	17 
3816	6 
3817	17 
3818	74 
3819	14 
3820	7 
3821	88 
3822	53 
3823	56 
3824	30 
3825	9 
3826	91 
3827	18 
3828	30 
3829	4 
3830	69 
3831	18 
3832	49 
3833	1 
3834	85 
3835	5 
3836	70 
3837	88 
3838	69 
3839	85 
3840	3 
3841	88 
3842	69 
3843	7 
3844	56 
3845	48 
3846	83 
3847	18 
3848	88 
3849	42 
3850	16 
3851	23 
3852	15 
3853	75 
3854	43 
3855	22 
3856	70 
3857	69 
3858	10 
3859	70 
3860	63 
3861	22 
3862	24 
3863	84 
3864	1 
3865	24 
3866	23 
3867	88 
3868	4 
3869	74 
3870	6 
3871	26 
3872	91 
3873	16 
3874	21 
3875	17 
3876	39 
3877	56 
3878	85 
3879	21 
3880	53 
3881	3 
3882	91 
3883	74 
3884	24 
3885	74 
3886	88 
3887	22 
3888	14 
3889	3 
3890	43 
3891	18 
3892	42 
3893	70 
3894	41 
3895	26 
3896	4 
3897	19 
3898	31 
3899	91 
3900	75 
3901	6 
3902	56 
3903	14 
3904	26 
3905	13 
3906	5 
3907	27 
3908	91 
3909	96 
3910	85 
3911	30 
3912	48 
3913	14 
3914	38 
3915	16 
3916	46 
3917	56 
3918	70 
3919	88 
3920	66 
3921	5 
3922	21 
3923	14 
3924	74 
3925	71 
3926	79 
3927	28 
3928	16 
3929	54 
3930	12 
3931	65 
3932	65 
3933	66 
3934	21 
3935	23 
3936	92 
3937	88 
3938	1 
3939	16 
3940	10 
3941	30 
3942	23 
3943	37 
3944	6 
3945	1 
3946	55 
3947	74 
3948	91 
3949	88 
3950	3 
3951	18 
3952	14 
3953	56 
3954	4 
3955	18 
3956	58 
3957	58 
3958	85 
3959	49 
3960	3 
3961	61 
3962	58 
3963	1 
3964	13 
3965	39 
3966	38 
3967	71 
3968	88 
3969	78 
3970	5 
3971	27 
3972	55 
3973	76 
3974	73 
3975	12 
3976	88 
3977	79 
3978	35 
3979	21 
3980	63 
3981	92 
3982	28 
3983	43 
3984	12 
3985	21 
3986	5 
3987	63 
3988	56 
3989	1 
3990	43 
3991	41 
3992	35 
3993	24 
3994	19 
3995	69 
3996	66 
3997	85 
3998	73 
3999	14 
4000	69 
4001	23 
4002	53 
4003	72 
4004	28 
4005	43 
4006	55 
4007	1 
4008	32 
4009	6 
4010	88 
4011	14 
4012	22 
4013	24 
4014	1 
4015	30 
4016	49 
4017	18 
4018	96 
4019	76 
4020	19 
4021	61 
4022	19 
4023	73 
4024	72 
4025	74 
4026	74 
4027	3 
4028	69 
4029	61 
4030	16 
4031	13 
4032	71 
4033	10 
4034	1 
4035	88 
4036	28 
4037	78 
4038	5 
4039	78 
4040	96 
4041	24 
4042	58 
4043	35 
4044	88 
4045	63 
4046	65 
4047	76 
4048	48 
4049	18 
4050	1 
4051	63 
4052	43 
4053	56 
4054	43 
4055	18 
4056	74 
4057	21 
4058	1 
4059	37 
4060	30 
4061	88 
4062	88 
4063	18 
4064	71 
4065	56 
4066	73 
4067	43 
4068	46 
4069	14 
4070	12 
4071	23 
4072	14 
4073	65 
4074	21 
4075	88 
4076	23 
4077	14 
4078	73 
4079	73 
4080	30 
4081	92 
4082	37 
4083	91 
4084	24 
4085	39 
4086	74 
4087	46 
4088	18 
4089	89 
4090	24 
4091	72 
4092	5 
4093	72 
4094	1 
4095	69 
4096	91 
4097	43 
4098	46 
4099	74 
4100	14 
4101	22 
4102	14 
4103	72 
4104	24 
4105	19 
4106	73 
4107	46 
4108	18 
4109	43 
4110	76 
4111	7 
4112	19 
4113	58 
4114	21 
4115	13 
4116	56 
4117	37 
4118	69 
4119	39 
4120	18 
4121	17 
4122	32 
4123	13 
4124	39 
4125	72 
4126	69 
4127	12 
4128	37 
4129	7 
4130	56 
4131	63 
4132	70 
4133	74 
4134	42 
4135	76 
4136	13 
4137	88 
4138	71 
4139	39 
4140	85 
4141	35 
4142	13 
4143	42 
4144	23 
4145	92 
4146	5 
4147	88 
4148	46 
4149	69 
4150	13 
4151	21 
4152	69 
4153	46 
4154	43 
4155	7 
4156	69 
4157	12 
4158	35 
4159	19 
4160	6 
4161	17 
4162	12 
4163	39 
4164	13 
4165	46 
4166	73 
4167	88 
4168	15 
4169	56 
4170	1 
4171	69 
4172	18 
4173	56 
4174	46 
4175	42 
4176	85 
4177	73 
4178	49 
4179	21 
4180	24 
4181	1 
4182	53 
4183	74 
4184	73 
4185	55 
4186	7 
4187	3 
4188	63 
4189	63 
4190	72 
4191	18 
4192	28 
4193	5 
4194	91 
4195	7 
4196	92 
4197	3 
4198	13 
4199	78 
4200	1 
4201	53 
4202	43 
4203	74 
4204	23 
4205	12 
4206	35 
4207	24 
4208	61 
4209	21 
4210	18 
4211	17 
4212	85 
4213	21 
4214	23 
4215	1 
4216	23 
4217	88 
4218	43 
4219	17 
4220	56 
4221	23 
4222	56 
4223	58 
4224	24 
4225	56 
4226	19 
4227	48 
4228	56 
4229	1 
4230	14 
4231	21 
4232	55 
4233	3 
4234	18 
4235	32 
4236	24 
4237	14 
4238	49 
4239	73 
4240	85 
4241	75 
4242	21 
4243	21 
4244	35 
4245	14 
4246	24 
4247	37 
4248	39 
4249	5 
4250	73 
4251	53 
4252	23 
4253	43 
4254	5 
4255	22 
4256	56 
4257	16 
4258	43 
4259	37 
4260	24 
4261	69 
4262	73 
4263	65 
4264	43 
4265	72 
4266	18 
4267	21 
4268	43 
4269	6 
4270	6 
4271	73 
4272	23 
4273	58 
4274	58 
4275	70 
4276	21 
4277	10 
4278	39 
4279	72 
4280	91 
4281	69 
4282	58 
4283	3 
4284	17 
4285	88 
4286	18 
4287	43 
4288	76 
4289	49 
4290	6 
4291	14 
4292	42 
4293	42 
4294	53 
4295	21 
4296	63 
4297	76 
4298	23 
4299	53 
4300	85 
4301	18 
4302	61 
4303	74 
4304	70 
4305	85 
4306	27 
4307	19 
4308	3 
4309	42 
4310	70 
4311	18 
4312	6 
4313	13 
4314	72 
4315	10 
4316	48 
4317	72 
4318	85 
4319	37 
4320	42 
4321	58 
4322	39 
4323	63 
4324	69 
4325	3 
4326	14 
4327	56 
4328	17 
4329	53 
4330	43 
4331	18 
4332	13 
4333	61 
4334	73 
4335	72 
4336	1 
4337	46 
4338	55 
4339	14 
4340	22 
4341	37 
4342	88 
4343	76 
4344	5 
4345	43 
4346	69 
4347	14 
4348	49 
4349	43 
4350	3 
4351	23 
4352	39 
4353	21 
4354	46 
4355	63 
4356	13 
4357	74 
4358	43 
4359	21 
4360	85 
4361	42 
4362	43 
4363	23 
4364	10 
4365	14 
4366	88 
4367	85 
4368	63 
4369	21 
4370	69 
4371	91 
4372	56 
4373	74 
4374	76 
4375	23 
4376	28 
4377	1 
4378	72 
4379	91 
4380	37 
4381	23 
4382	88 
4383	3 
4384	5 
4385	1 
4386	56 
4387	73 
4388	42 
4389	69 
4390	42 
4391	32 
4392	3 
4393	39 
4394	42 
4395	21 
4396	43 
4397	14 
4398	43 
4399	18 
4400	24 
4401	12 
4402	24 
4403	18 
4404	24 
4405	85 
4406	58 
4407	12 
4408	1 
4409	91 
4410	56 
4411	74 
4412	18 
4413	56 
4414	14 
4415	75 
4416	1 
4417	46 
4418	1 
4419	61 
4420	43 
4421	91 
4422	7 
4423	43 
4424	88 
4425	24 
4426	3 
4427	53 
4428	21 
4429	37 
4430	39 
4431	19 
4432	48 
4433	48 
4434	76 
4435	28 
4436	39 
4437	24 
4438	58 
4439	5 
4440	69 
4441	23 
4442	39 
4443	46 
4444	73 
4445	55 
4446	65 
4447	21 
4448	1 
4449	76 
4450	91 
4451	70 
4452	46 
4453	76 
4454	18 
4455	13 
4456	13 
4457	28 
4458	21 
4459	43 
4460	46 
4461	3 
4462	72 
4463	43 
4464	13 
4465	18 
4466	18 
4467	3 
4468	30 
4469	6 
4470	58 
4471	53 
4472	39 
4473	3 
4474	18 
4475	61 
4476	76 
4477	43 
4478	42 
4479	73 
4480	70 
4481	73 
4482	21 
4483	18 
4484	74 
4485	18 
4486	30 
4487	76 
4488	3 
4489	23 
4490	39 
4491	48 
4492	74 
4493	14 
4494	43 
4495	76 
4496	16 
4497	63 
4498	14 
4499	22 
4500	42 
4501	39 
4502	3 
4503	21 
4504	85 
4505	14 
4506	32 
4507	69 
4508	32 
4509	18 
4510	14 
4511	3 
4512	12 
4513	37 
4514	13 
4515	32 
4516	73 
4517	53 
4518	55 
4519	39 
4520	18 
4521	19 
4522	61 
4523	69 
4524	28 
4525	32 
4526	56 
4527	23 
4528	56 
4529	91 
4530	75 
4531	13 
4532	17 
4533	6 
4534	6 
4535	16 
4536	61 
4537	39 
4538	42 
4539	37 
4540	23 
4541	5 
4542	88 
4543	56 
4544	3 
4545	24 
4546	12 
4547	6 
4548	74 
4549	56 
4550	69 
4551	23 
4552	53 
4553	3 
4554	37 
4555	75 
4556	18 
4557	69 
4558	91 
4559	56 
4560	18 
4561	75 
4562	73 
4563	88 
4564	76 
4565	42 
4566	69 
4567	58 
4568	13 
4569	55 
4570	23 
4571	46 
4572	74 
4573	49 
4574	74 
4575	5 
4576	61 
4577	53 
4578	17 
4579	75 
4580	32 
4581	58 
4582	23 
4583	85 
4584	14 
4585	3 
4586	13 
4587	21 
4588	21 
4589	69 
4590	43 
4591	85 
4592	88 
4593	13 
4594	14 
4595	39 
4596	6 
4597	3 
4598	1 
4599	88 
4600	18 
4601	76 
4602	58 
4603	42 
4604	72 
4605	28 
4606	46 
4607	56 
4608	76 
4609	21 
4610	21 
4611	19 
4612	69 
4613	73 
4614	6 
4615	39 
4616	43 
4617	76 
4618	91 
4619	18 
4620	1 
4621	39 
4622	91 
4623	30 
4624	18 
4625	21 
4626	13 
4627	17 
4628	49 
4629	24 
4630	53 
4631	3 
4632	21 
4633	39 
4634	39 
4635	63 
4636	61 
4637	91 
4638	7 
4639	3 
4640	13 
4641	23 
4642	37 
4643	46 
4644	46 
4645	19 
4646	12 
4647	23 
4648	13 
4649	42 
4650	73 
4651	18 
4652	39 
4653	6 
4654	1 
4655	75 
4656	61 
4657	14 
4658	73 
4659	42 
4660	75 
4661	46 
4662	21 
4663	88 
4664	21 
4665	21 
4666	6 
4667	69 
4668	3 
4669	23 
4670	43 
4671	18 
4672	88 
4673	58 
4674	56 
4675	5 
4676	6 
4677	13 
4678	88 
4679	23 
4680	85 
4681	16 
4682	42 
4683	17 
4684	69 
4685	88 
4686	43 
4687	17 
4688	75 
4689	58 
4690	1 
4691	14 
4692	3 
4693	56 
4694	14 
4695	42 
4696	21 
4697	24 
4698	14 
4699	3 
4700	21 
4701	42 
4702	1 
4703	91 
4704	42 
4705	56 
4706	43 
4707	63 
4708	14 
4709	63 
4710	3 
4711	69 
4712	3 
4713	21 
4714	69 
4715	53 
4716	6 
4717	43 
4718	46 
4719	42 
4720	18 
4721	42 
4722	75 
4723	13 
4724	58 
4725	74 
4726	5 
4727	6 
4728	42 
4729	14 
4730	24 
4731	6 
4732	85 
4733	63 
4734	56 
4735	19 
4736	56 
4737	30 
4738	69 
4739	39 
4740	69 
4741	63 
4742	73 
4743	76 
4744	42 
4745	75 
4746	91 
4747	39 
4748	1 
4749	14 
4750	14 
4751	3 
4752	46 
4753	21 
4754	39 
4755	1 
4756	3 
4757	42 
4758	73 
4759	14 
4760	30 
4761	75 
4762	69 
4763	37 
4764	76 
4765	30 
4766	43 
4767	23 
4768	69 
4769	69 
4770	56 
4771	18 
4772	76 
4773	58 
4774	69 
4775	21 
4776	85 
4777	73 
4778	63 
4779	37 
4780	69 
4781	18 
4782	46 
4783	56 
4784	69 
4785	74 
4786	3 
4787	1 
4788	88 
4789	1 
4790	18 
4791	1 
4792	3 
4793	46 
4794	30 
4795	58 
4796	24 
4797	88 
4798	74 
4799	14 
4800	13 
4801	1 
4802	23 
4803	42 
4804	21 
4805	3 
4806	69 
4807	13 
4808	74 
4809	17 
4810	56 
4811	14 
4812	6 
4813	39 
4814	76 
4815	18 
4816	14 
4817	21 
4818	74 
4819	3 
4820	5 
4821	63 
4822	14 
4823	42 
4824	91 
4825	56 
4826	43 
4827	3 
4828	14 
4829	42 
4830	91 
4831	6 
4832	1 
4833	88 
4834	74 
4835	3 
4836	74 
4837	3 
4838	1 
4839	43 
4840	3 
4841	91 
4842	74 
4843	43 
4844	18 
4845	91 
4846	56 
4847	53 
4848	46 
4849	1 
4850	91 
4851	74 
4852	69 
4853	1 
4854	14 
4855	53 
4856	1 
4857	88 
4858	42 
4859	43 
4860	85 
4861	39 
4862	74 
4863	18 
4864	43 
4865	3 
4866	91 
4867	1 
4868	3 
4869	85 
4870	1 
4871	1 
4872	18 
4873	58 
4874	85 
4875	85 
4876	39 
4877	21 
4878	88 
4879	58 
4880	56 
4881	23 
4882	21 
4883	56 
4884	18 
4885	43 
4886	42 
4887	3 
4888	88 
4889	18 
4890	3 
4891	56 
4892	74 
4893	1 
4894	6 
4895	76 
4896	6 
4897	14 
4898	88 
4899	88 
4900	43 
4901	23 
4902	46 
4903	76 
4904	6 
4905	21 
4906	88 
4907	23 
4908	3 
4909	1 
4910	39 
4911	23 
4912	18 
4913	91 
4914	1 
4915	23 
4916	43 
4917	88 
4918	14 
4919	21 
4920	74 
4921	3 
4922	18 
4923	3 
4924	46 
4925	23 
4926	74 
4927	46 
4928	42 
4929	23 
4930	23 
4931	3 
4932	6 
4933	3 
4934	3 
4935	18 
4936	23 
4937	1 
4938	23 
4939	18 
4940	56 
4941	42 
4942	56 
4943	23 
4944	42 
4945	21 
4946	74 
4947	18 
4948	46 
4949	14 
4950	46 
4951	74 
4952	88 
4953	21 
4954	1 
4955	3 
4956	69 
4957	1 
4958	74 
4959	21 
4960	3 
4961	88 
4962	1 
4963	56 
4964	21 
4965	88 
4966	88 
4967	56 
4968	1 
4969	69 
4970	14 
4971	3 
4972	43 
4973	21 
4974	1 
4975	69 
4976	21 
4977	21 
4978	88 
4979	69 
4980	1 
4981	21 
4982	56 
4983	3 
4984	21 
4985	88 
4986	3 
4987	56 
4988	69 
4989	88 
4990	14 
4991	88 
4992	3 
4993	21 
4994	69 
4995	14 
4996	14 
4997	69 
4998	21 
4999	21 
5000	56 
